{
	"metadata": {
		"version": 4.6,
		"type": "Object",
		"generator": "Object3D.toJSON"
	},
	"geometries": [
		{
			"uuid": "a4845101-27af-44e1-99b9-fe6c7438d6b7",
			"type": "TorusGeometry",
			"radius": 1,
			"tube": 0.4,
			"radialSegments": 12,
			"tubularSegments": 48,
			"arc": 6.283185307179586
		},
		{
			"uuid": "57be021c-1270-4c7b-9650-3a2c9a0c171a",
			"type": "TorusGeometry",
			"radius": 1,
			"tube": 0.45,
			"radialSegments": 10,
			"tubularSegments": 6,
			"arc": 6.283185307179586
		},
		{
			"uuid": "cabbcd6b-dda3-4513-9e69-d3b767e68590",
			"type": "CylinderGeometry",
			"radiusTop": 0.02,
			"radiusBottom": 0.02,
			"height": 0.27,
			"radialSegments": 32,
			"heightSegments": 1,
			"openEnded": false,
			"thetaStart": 0,
			"thetaLength": 6.283185307179586
		},
		{
			"uuid": "e485bc09-b0e4-4365-a0bc-283c765768e2",
			"type": "CylinderGeometry",
			"radiusTop": 0.02,
			"radiusBottom": 0.02,
			"height": 0.27,
			"radialSegments": 32,
			"heightSegments": 1,
			"openEnded": false,
			"thetaStart": 0,
			"thetaLength": 6.283185307179586
		},
		{
			"uuid": "e397d2bb-36a2-41b8-9003-da8b9132ab7a",
			"type": "CylinderGeometry",
			"radiusTop": 0.02,
			"radiusBottom": 0.02,
			"height": 0.27,
			"radialSegments": 32,
			"heightSegments": 1,
			"openEnded": false,
			"thetaStart": 0,
			"thetaLength": 6.283185307179586
		},
		{
			"uuid": "30db3169-2b1e-4d06-9810-2b634ce02d43",
			"type": "CylinderGeometry",
			"radiusTop": 0.02,
			"radiusBottom": 0.02,
			"height": 0.27,
			"radialSegments": 32,
			"heightSegments": 1,
			"openEnded": false,
			"thetaStart": 0,
			"thetaLength": 6.283185307179586
		},
		{
			"uuid": "c5f35ec3-77e2-40bc-9759-2bb370c1acb7",
			"type": "CylinderGeometry",
			"radiusTop": 0.02,
			"radiusBottom": 0.02,
			"height": 0.27,
			"radialSegments": 32,
			"heightSegments": 1,
			"openEnded": false,
			"thetaStart": 0,
			"thetaLength": 6.283185307179586
		},
		{
			"uuid": "63eeecff-9260-4312-b54d-4076f503f09f",
			"type": "CylinderGeometry",
			"radiusTop": 0.02,
			"radiusBottom": 0.02,
			"height": 0.27,
			"radialSegments": 32,
			"heightSegments": 1,
			"openEnded": false,
			"thetaStart": 0,
			"thetaLength": 6.283185307179586
		},
		{
			"uuid": "c0d8f439-ec6c-4c50-8ce4-b04f569135b4",
			"type": "CylinderGeometry",
			"radiusTop": 0.02,
			"radiusBottom": 0.02,
			"height": 0.27,
			"radialSegments": 32,
			"heightSegments": 1,
			"openEnded": false,
			"thetaStart": 0,
			"thetaLength": 6.283185307179586
		},
		{
			"uuid": "eadce09c-30d3-469b-a46c-4b75aa21943b",
			"type": "CylinderGeometry",
			"radiusTop": 0.02,
			"radiusBottom": 0.02,
			"height": 0.27,
			"radialSegments": 32,
			"heightSegments": 1,
			"openEnded": false,
			"thetaStart": 0,
			"thetaLength": 6.283185307179586
		},
		{
			"uuid": "6eb5ae4c-99bc-48b5-b56b-db63c68ec1b5",
			"type": "CylinderGeometry",
			"radiusTop": 0.02,
			"radiusBottom": 0.02,
			"height": 0.27,
			"radialSegments": 32,
			"heightSegments": 1,
			"openEnded": false,
			"thetaStart": 0,
			"thetaLength": 6.283185307179586
		},
		{
			"uuid": "12f5f6b9-68ab-4671-9c0b-354650929e1f",
			"type": "CylinderGeometry",
			"radiusTop": 0.02,
			"radiusBottom": 0.02,
			"height": 0.27,
			"radialSegments": 32,
			"heightSegments": 1,
			"openEnded": false,
			"thetaStart": 0,
			"thetaLength": 6.283185307179586
		},
		{
			"uuid": "5aecb863-bcac-4006-9364-794c6cac037c",
			"type": "CylinderGeometry",
			"radiusTop": 0.02,
			"radiusBottom": 0.02,
			"height": 0.27,
			"radialSegments": 32,
			"heightSegments": 1,
			"openEnded": false,
			"thetaStart": 0,
			"thetaLength": 6.283185307179586
		}],
	"materials": [
		{
			"uuid": "dd14c7b5-a43c-4c50-a686-9ef624199834",
			"type": "MeshStandardMaterial",
			"color": 16759188,
			"roughness": 1,
			"metalness": 0,
			"emissive": 0,
			"envMapIntensity": 1,
			"depthFunc": 3,
			"depthTest": true,
			"depthWrite": true,
			"colorWrite": true,
			"stencilWrite": false,
			"stencilWriteMask": 255,
			"stencilFunc": 519,
			"stencilRef": 0,
			"stencilFuncMask": 255,
			"stencilFail": 7680,
			"stencilZFail": 7680,
			"stencilZPass": 7680
		},
		{
			"uuid": "bbeb029c-387b-47b9-b556-cb5f74b815dc",
			"type": "MeshStandardMaterial",
			"color": 16737917,
			"roughness": 1,
			"metalness": 0,
			"emissive": 0,
			"envMapIntensity": 1,
			"blending": 0,
			"depthFunc": 3,
			"depthTest": true,
			"depthWrite": true,
			"colorWrite": true,
			"stencilWrite": false,
			"stencilWriteMask": 255,
			"stencilFunc": 519,
			"stencilRef": 0,
			"stencilFuncMask": 255,
			"stencilFail": 7680,
			"stencilZFail": 7680,
			"stencilZPass": 7680
		},
		{
			"uuid": "54dd3dc6-c4ca-4426-acc8-c8d6340018ea",
			"type": "MeshStandardMaterial",
			"color": 16711680,
			"roughness": 1,
			"metalness": 0,
			"emissive": 0,
			"envMapIntensity": 1,
			"depthFunc": 3,
			"depthTest": true,
			"depthWrite": true,
			"colorWrite": true,
			"stencilWrite": false,
			"stencilWriteMask": 255,
			"stencilFunc": 519,
			"stencilRef": 0,
			"stencilFuncMask": 255,
			"stencilFail": 7680,
			"stencilZFail": 7680,
			"stencilZPass": 7680
		},
		{
			"uuid": "674b633f-86ec-483d-b393-68d84267c544",
			"type": "MeshStandardMaterial",
			"color": 3022847,
			"roughness": 1,
			"metalness": 0,
			"emissive": 0,
			"envMapIntensity": 1,
			"depthFunc": 3,
			"depthTest": true,
			"depthWrite": true,
			"colorWrite": true,
			"stencilWrite": false,
			"stencilWriteMask": 255,
			"stencilFunc": 519,
			"stencilRef": 0,
			"stencilFuncMask": 255,
			"stencilFail": 7680,
			"stencilZFail": 7680,
			"stencilZPass": 7680
		},
		{
			"uuid": "5bb051e1-240d-437d-8df8-3c9a314ec4fe",
			"type": "MeshStandardMaterial",
			"color": 4768254,
			"roughness": 1,
			"metalness": 0,
			"emissive": 0,
			"envMapIntensity": 1,
			"depthFunc": 3,
			"depthTest": true,
			"depthWrite": true,
			"colorWrite": true,
			"stencilWrite": false,
			"stencilWriteMask": 255,
			"stencilFunc": 519,
			"stencilRef": 0,
			"stencilFuncMask": 255,
			"stencilFail": 7680,
			"stencilZFail": 7680,
			"stencilZPass": 7680
		},
		{
			"uuid": "df91409b-12d9-456b-893d-f03492011696",
			"type": "MeshStandardMaterial",
			"color": 16711816,
			"roughness": 1,
			"metalness": 0,
			"emissive": 0,
			"envMapIntensity": 1,
			"depthFunc": 3,
			"depthTest": true,
			"depthWrite": true,
			"colorWrite": true,
			"stencilWrite": false,
			"stencilWriteMask": 255,
			"stencilFunc": 519,
			"stencilRef": 0,
			"stencilFuncMask": 255,
			"stencilFail": 7680,
			"stencilZFail": 7680,
			"stencilZPass": 7680
		},
		{
			"uuid": "f391eec5-9a60-4e59-9a77-b111a171c699",
			"type": "MeshStandardMaterial",
			"color": 16753152,
			"roughness": 1,
			"metalness": 0,
			"emissive": 0,
			"envMapIntensity": 1,
			"depthFunc": 3,
			"depthTest": true,
			"depthWrite": true,
			"colorWrite": true,
			"stencilWrite": false,
			"stencilWriteMask": 255,
			"stencilFunc": 519,
			"stencilRef": 0,
			"stencilFuncMask": 255,
			"stencilFail": 7680,
			"stencilZFail": 7680,
			"stencilZPass": 7680
		},
		{
			"uuid": "1fe6ac1f-f031-4d7a-9130-8a6c91ee9b5f",
			"type": "MeshStandardMaterial",
			"color": 16711680,
			"roughness": 1,
			"metalness": 0,
			"emissive": 0,
			"envMapIntensity": 1,
			"depthFunc": 3,
			"depthTest": true,
			"depthWrite": true,
			"colorWrite": true,
			"stencilWrite": false,
			"stencilWriteMask": 255,
			"stencilFunc": 519,
			"stencilRef": 0,
			"stencilFuncMask": 255,
			"stencilFail": 7680,
			"stencilZFail": 7680,
			"stencilZPass": 7680
		},
		{
			"uuid": "5ab8a629-4c54-4c34-ae99-abea12f92057",
			"type": "MeshStandardMaterial",
			"color": 4607,
			"roughness": 1,
			"metalness": 0,
			"emissive": 0,
			"envMapIntensity": 1,
			"depthFunc": 3,
			"depthTest": true,
			"depthWrite": true,
			"colorWrite": true,
			"stencilWrite": false,
			"stencilWriteMask": 255,
			"stencilFunc": 519,
			"stencilRef": 0,
			"stencilFuncMask": 255,
			"stencilFail": 7680,
			"stencilZFail": 7680,
			"stencilZPass": 7680
		},
		{
			"uuid": "96a7271d-80db-4d68-a206-e76492bc0245",
			"type": "MeshStandardMaterial",
			"color": 16762880,
			"roughness": 1,
			"metalness": 0,
			"emissive": 0,
			"envMapIntensity": 1,
			"depthFunc": 3,
			"depthTest": true,
			"depthWrite": true,
			"colorWrite": true,
			"stencilWrite": false,
			"stencilWriteMask": 255,
			"stencilFunc": 519,
			"stencilRef": 0,
			"stencilFuncMask": 255,
			"stencilFail": 7680,
			"stencilZFail": 7680,
			"stencilZPass": 7680
		},
		{
			"uuid": "cc9299ab-1fec-44a9-bf61-65e2c97cb62e",
			"type": "MeshStandardMaterial",
			"color": 1179392,
			"roughness": 1,
			"metalness": 0,
			"emissive": 0,
			"envMapIntensity": 1,
			"depthFunc": 3,
			"depthTest": true,
			"depthWrite": true,
			"colorWrite": true,
			"stencilWrite": false,
			"stencilWriteMask": 255,
			"stencilFunc": 519,
			"stencilRef": 0,
			"stencilFuncMask": 255,
			"stencilFail": 7680,
			"stencilZFail": 7680,
			"stencilZPass": 7680
		},
		{
			"uuid": "c369bf55-6ea4-41e0-b0ad-f54d290a31b8",
			"type": "MeshStandardMaterial",
			"color": 105951,
			"roughness": 1,
			"metalness": 0,
			"emissive": 0,
			"envMapIntensity": 1,
			"depthFunc": 3,
			"depthTest": true,
			"depthWrite": true,
			"colorWrite": true,
			"stencilWrite": false,
			"stencilWriteMask": 255,
			"stencilFunc": 519,
			"stencilRef": 0,
			"stencilFuncMask": 255,
			"stencilFail": 7680,
			"stencilZFail": 7680,
			"stencilZPass": 7680
		},
		{
			"uuid": "b63a9d45-8cd5-422a-8ecf-dce8913bbf0a",
			"type": "MeshStandardMaterial",
			"color": 16711854,
			"roughness": 1,
			"metalness": 0,
			"emissive": 0,
			"envMapIntensity": 1,
			"depthFunc": 3,
			"depthTest": true,
			"depthWrite": true,
			"colorWrite": true,
			"stencilWrite": false,
			"stencilWriteMask": 255,
			"stencilFunc": 519,
			"stencilRef": 0,
			"stencilFuncMask": 255,
			"stencilFail": 7680,
			"stencilZFail": 7680,
			"stencilZPass": 7680
		}],
	"object": {
		"uuid": "c2db843f-4a0d-42d2-94dd-61958d1c08ef",
		"type": "Scene",
		"name": "Scene",
		"layers": 1,
		"matrix": [1,0,0,0,0,1,0,0,0,0,1,0,0,0,0,1],
		"up": [0,1,0],
		"children": [
			{
				"uuid": "3ab99905-fa17-422e-bff7-66f4b86f7406",
				"type": "AmbientLight",
				"name": "AmbientLight",
				"layers": 1,
				"matrix": [1,0,0,0,0,1,0,0,0,0,1,0,-5.741577309686674,0.817541058503594,3.3822903834366502,1],
				"up": [0,1,0],
				"color": 2236962,
				"intensity": 1
			},
			{
				"uuid": "c00cb5a6-d5f3-4e83-b2f0-861c94343bd5",
				"type": "PointLight",
				"name": "PointLight",
				"castShadow": true,
				"layers": 1,
				"matrix": [1,0,0,0,0,1,0,0,0,0,1,0,-5.83884741248101,2.21343604645501,1.176434559308314,1],
				"up": [0,1,0],
				"color": 16777215,
				"intensity": 0.7,
				"distance": 0,
				"decay": 1,
				"shadow": {
					"bias": -0.00003,
					"radius": 2.34,
					"camera": {
						"uuid": "ad7af225-9657-4807-abdd-e09763ada821",
						"type": "PerspectiveCamera",
						"layers": 1,
						"up": [0,0,-1],
						"fov": 90,
						"zoom": 1,
						"near": 0.5,
						"far": 500,
						"focus": 10,
						"aspect": 1,
						"filmGauge": 35,
						"filmOffset": 0
					}
				}
			},
			{
				"uuid": "f0d50f9d-fb01-463b-97cd-e64da5ab03a4",
				"type": "PointLight",
				"name": "PointLight",
				"castShadow": true,
				"layers": 1,
				"matrix": [1,0,0,0,0,0.9941791962402114,0,0,0,0,1,0,5.422928320540854,2.654724428825506,1.4725862080552112,1],
				"up": [0,1,0],
				"color": 16777215,
				"intensity": 0.84,
				"distance": 0,
				"decay": 1,
				"shadow": {
					"bias": -0.00008,
					"normalBias": 0.08,
					"radius": 3.18,
					"camera": {
						"uuid": "845bd82b-d418-47e5-9fee-afbe407e6c7b",
						"type": "PerspectiveCamera",
						"layers": 1,
						"up": [0,0,-1],
						"fov": 90,
						"zoom": 1,
						"near": 0.5,
						"far": 500,
						"focus": 10,
						"aspect": 1,
						"filmGauge": 35,
						"filmOffset": 0
					}
				}
			},
			{
				"uuid": "6b9204f4-1c2b-444e-b755-a741cda81869",
				"type": "Mesh",
				"name": "Torus",
				"layers": 1,
				"matrix": [0.9999886422905714,-0.004116577620319204,-0.0024018906210546954,0,-0.0024173924798938005,-0.0037648855555409977,-0.9999899908750847,0,0.004107493573674381,0.9999844395916617,-0.003774794178847074,0,0,0,0,1],
				"up": [0,1,0],
				"geometry": "a4845101-27af-44e1-99b9-fe6c7438d6b7",
				"material": "dd14c7b5-a43c-4c50-a686-9ef624199834"
			},
			{
				"uuid": "5d3c37ad-488a-4055-8868-5edc2c895a1f",
				"type": "Mesh",
				"name": "Torus",
				"layers": 1,
				"matrix": [0.9999888422559106,0,0.004723914021621799,0,-0.004723914021621799,0,0.9999888422559106,0,-8.673617379884035e-19,-1,0,0,0,0.15,0,1],
				"up": [0,1,0],
				"geometry": "57be021c-1270-4c7b-9650-3a2c9a0c171a",
				"material": "bbeb029c-387b-47b9-b556-cb5f74b815dc"
			},
			{
				"uuid": "3f659909-e4e4-49c7-af72-feb666ece942",
				"type": "Mesh",
				"name": "Cylinder",
				"layers": 1,
				"matrix": [-0.2644484446669093,0.9643998237832963,0,0,-0.9637619782100932,-0.26427354078823617,0.036364061871803875,0,0.03506949486121254,0.00961641960376979,0.9993386087829208,0,0.96,0.61,0,1],
				"up": [0,1,0],
				"geometry": "cabbcd6b-dda3-4513-9e69-d3b767e68590",
				"material": "54dd3dc6-c4ca-4426-acc8-c8d6340018ea"
			},
			{
				"uuid": "e7a5a268-3415-44b6-a9b7-ac6a056bf65e",
				"type": "Mesh",
				"name": "Cylinder",
				"layers": 1,
				"matrix": [-0.04650379556160633,-0.9989181132597227,0,0,0.9989181132597227,-0.04650379556160633,0,0,0,0,1,0,0,0.54,0.69,1],
				"up": [0,1,0],
				"geometry": "e485bc09-b0e4-4365-a0bc-283c765768e2",
				"material": "674b633f-86ec-483d-b393-68d84267c544"
			},
			{
				"uuid": "6cd144d2-22c4-423d-b344-56966f7f481c",
				"type": "Mesh",
				"name": "Cylinder",
				"layers": 1,
				"matrix": [0.9999962656134215,-0.002211828031380116,-0.0016051716329137818,0,-0.0013085968188515217,0.12810766669070184,-0.9917594029347188,0,0.0023992360403265064,0.9917577998442078,0.12810429389602507,0,-0.72,0.61,0.41,1],
				"up": [0,1,0],
				"geometry": "e397d2bb-36a2-41b8-9003-da8b9132ab7a",
				"material": "5bb051e1-240d-437d-8df8-3c9a314ec4fe"
			},
			{
				"uuid": "c5393340-287f-4a42-8206-d743e86f6ff5",
				"type": "Mesh",
				"name": "Cylinder",
				"layers": 1,
				"matrix": [0.7171111388732723,-0.043467773337848625,0.6956020178125764,0,-0.696728803727616,-0.019069714933415582,0.7170811111922022,0,-0.017904987019360774,-0.998872814052624,-0.04396035471227289,0,0.49,0.6,0.88,1],
				"up": [0,1,0],
				"geometry": "30db3169-2b1e-4d06-9810-2b634ce02d43",
				"material": "df91409b-12d9-456b-893d-f03492011696"
			},
			{
				"uuid": "992f6145-47a4-46f8-b23f-a304dcf65992",
				"type": "Mesh",
				"name": "Cylinder",
				"layers": 1,
				"matrix": [1,0,0,0,0,-0.28999387764776374,0.9570285005823043,0,0,-0.9570285005823043,-0.28999387764776374,0,-0.29,0.59,0.98,1],
				"up": [0,1,0],
				"geometry": "c5f35ec3-77e2-40bc-9759-2bb370c1acb7",
				"material": "f391eec5-9a60-4e59-9a77-b111a171c699"
			},
			{
				"uuid": "324c9c2a-b934-4b29-93f0-aa6abdecb21d",
				"type": "Mesh",
				"name": "Cylinder",
				"layers": 1,
				"matrix": [0.703148771204126,5.551115123125783e-17,-0.7110427593008228,0,-0.681357572328368,0.28592770281513225,-0.6737931488176876,0,0.20330682277021733,0.9582511929357884,0.2010497128876787,0,-0.43,0.67,-0.61,1],
				"up": [0,1,0],
				"geometry": "63eeecff-9260-4312-b54d-4076f503f09f",
				"material": "1fe6ac1f-f031-4d7a-9130-8a6c91ee9b5f"
			},
			{
				"uuid": "9fcaeded-6d03-440c-bda2-a29e08ff8216",
				"type": "Mesh",
				"name": "Cylinder",
				"layers": 1,
				"matrix": [1,0,0,0,0,0.3578657176437422,-0.9337730602964135,0,0,0.9337730602964135,0.3578657176437422,0,0.23,0.59,-0.72,1],
				"up": [0,1,0],
				"geometry": "c0d8f439-ec6c-4c50-8ce4-b04f569135b4",
				"material": "5ab8a629-4c54-4c34-ae99-abea12f92057"
			},
			{
				"uuid": "d10e3149-3704-4d17-8870-fe1a641764bf",
				"type": "Mesh",
				"name": "Cylinder",
				"layers": 1,
				"matrix": [0.16472724393498317,-0.957703291677786,0.23594351064421704,0,0.5482387033835606,0.287757545703902,0.7852578678388258,0,-0.8199385703928658,5.551115123125783e-17,0.5724515182808962,0,0.88,0.6,0.32,1],
				"up": [0,1,0],
				"geometry": "eadce09c-30d3-469b-a46c-4b75aa21943b",
				"material": "96a7271d-80db-4d68-a206-e76492bc0245"
			},
			{
				"uuid": "082466c8-d642-4c8d-9b3c-7c4818879149",
				"type": "Mesh",
				"name": "Cylinder",
				"layers": 1,
				"matrix": [0.19981590456634624,5.551115123125783e-17,0.9798334574213787,0,0.8799670494885898,0.43983585590907615,-0.17945030418217767,0,-0.4309658873932814,0.8980781813721622,0.08788619940918507,0,0.51,0.54,-0.44,1],
				"up": [0,1,0],
				"geometry": "6eb5ae4c-99bc-48b5-b56b-db63c68ec1b5",
				"material": "cc9299ab-1fec-44a9-bf61-65e2c97cb62e"
			},
			{
				"uuid": "6cd604c3-089e-477f-83db-a15e430ace00",
				"type": "Mesh",
				"name": "Cylinder",
				"layers": 1,
				"matrix": [1,0,0,0,0,-0.023908991636775845,0.9997141392012581,0,0,-0.9997141392012581,-0.023908991636775845,0,-0.22,0.66,-0.86,1],
				"up": [0,1,0],
				"geometry": "12f5f6b9-68ab-4671-9c0b-354650929e1f",
				"material": "c369bf55-6ea4-41e0-b0ad-f54d290a31b8"
			},
			{
				"uuid": "215e48f3-0954-46fc-a027-08df661d6c90",
				"type": "Mesh",
				"name": "Cylinder",
				"layers": 1,
				"matrix": [0.11609965032906566,0.9932301265370043,-0.003845378103028833,0,-0.9932294490735387,0.11611348711787417,0.0035943848433664704,0,0.004016551573628963,0.003402035951287836,0.9999861466364635,0,-0.95,0.58,-0.01,1],
				"up": [0,1,0],
				"geometry": "5aecb863-bcac-4006-9364-794c6cac037c",
				"material": "b63a9d45-8cd5-422a-8ecf-dce8913bbf0a"
			}]
	}
}